min: 0.000000, max: 2.000000
min: 0.000000, max: 2.000000
min: 0.000000, max: 2.000000
min: 0.000000, max: 2.000000
