min: -1.800000, max: 3.140000
min: -1.800000, max: 3.140000
min: -1.800000, max: 3.140000
