min: 0.000000, max: 2.700000
min: 0.000000, max: 2.700000
min: 0.000000, max: 2.700000
