min: 1.500000, max: 2.700000
min: 1.500000, max: 3.000000
min: 1.500000, max: 3.000000
