min: 2.000000, max: 6.800000
min: 1.000000, max: 6.800000
min: 0.000000, max: 6.800000
min: 0.000000, max: 6.800000
